94
NULL 0 Common 0
Joined 7 0,255,0,255,0,0,0,0,0,0 Latin 1 0 1 Joined	# Joined [4a 6f 69 6e 65 64 ]a
|Broken|0|1 15 0,255,0,255,0,0,0,0,0,0 Common 2 10 2 |Broken|0|1	# Broken
O 5 0,255,0,255,0,0,0,0,0,0 Latin 30 0 3 O	# O [4f ]A
L 5 0,255,0,255,0,0,0,0,0,0 Latin 50 0 4 L	# L [4c ]A
s 3 0,255,0,255,0,0,0,0,0,0 Latin 46 0 5 s	# s [73 ]a
m 3 0,255,0,255,0,0,0,0,0,0 Latin 36 0 6 m	# m [6d ]a
a 3 0,255,0,255,0,0,0,0,0,0 Latin 68 0 7 a	# a [61 ]a
. 16 0,255,0,255,0,0,0,0,0,0 Common 8 6 8 .	# . [2e ]p
* 16 0,255,0,255,0,0,0,0,0,0 Common 9 10 9 *	# * [2a ]p
5 8 0,255,0,255,0,0,0,0,0,0 Common 10 2 10 5	# 5 [35 ]0
P 5 0,255,0,255,0,0,0,0,0,0 Latin 52 0 11 P	# P [50 ]A
Q 5 0,255,0,255,0,0,0,0,0,0 Latin 67 0 12 Q	# Q [51 ]A
I 5 0,255,0,255,0,0,0,0,0,0 Latin 24 0 13 I	# I [49 ]A
9 8 0,255,0,255,0,0,0,0,0,0 Common 14 2 14 9	# 9 [39 ]0
6 8 0,255,0,255,0,0,0,0,0,0 Common 15 2 15 6	# 6 [36 ]0
“ 16 0,255,0,255,0,0,0,0,0,0 Common 16 10 16 "	# “ [201c ]p
f 3 0,255,0,255,0,0,0,0,0,0 Latin 32 0 17 f	# f [66 ]a
D 5 0,255,0,255,0,0,0,0,0,0 Latin 51 0 18 D	# D [44 ]A
h 3 0,255,0,255,0,0,0,0,0,0 Latin 83 0 19 h	# h [68 ]a
V 5 0,255,0,255,0,0,0,0,0,0 Latin 82 0 20 V	# V [56 ]A
Z 5 0,255,0,255,0,0,0,0,0,0 Latin 25 0 21 Z	# Z [5a ]A
k 3 0,255,0,255,0,0,0,0,0,0 Latin 59 0 22 k	# k [6b ]a
j 3 0,255,0,255,0,0,0,0,0,0 Latin 47 0 23 j	# j [6a ]a
i 3 0,255,0,255,0,0,0,0,0,0 Latin 13 0 24 i	# i [69 ]a
z 3 0,255,0,255,0,0,0,0,0,0 Latin 21 0 25 z	# z [7a ]a
Y 5 0,255,0,255,0,0,0,0,0,0 Latin 34 0 26 Y	# Y [59 ]A
- 16 0,255,0,255,0,0,0,0,0,0 Common 27 3 27 -	# - [2d ]p
C 5 0,255,0,255,0,0,0,0,0,0 Latin 29 0 28 C	# C [43 ]A
c 3 0,255,0,255,0,0,0,0,0,0 Latin 28 0 29 c	# c [63 ]a
o 3 0,255,0,255,0,0,0,0,0,0 Latin 3 0 30 o	# o [6f ]a
w 3 0,255,0,255,0,0,0,0,0,0 Latin 66 0 31 w	# w [77 ]a
F 5 0,255,0,255,0,0,0,0,0,0 Latin 17 0 32 F	# F [46 ]A
e 3 0,255,0,255,0,0,0,0,0,0 Latin 35 0 33 e	# e [65 ]a
y 3 0,255,0,255,0,0,0,0,0,0 Latin 26 0 34 y	# y [79 ]a
E 5 0,255,0,255,0,0,0,0,0,0 Latin 33 0 35 E	# E [45 ]A
M 5 0,255,0,255,0,0,0,0,0,0 Latin 6 0 36 M	# M [4d ]A
_ 16 0,255,0,255,0,0,0,0,0,0 Common 37 10 37 _	# _ [5f ]p
X 5 0,255,0,255,0,0,0,0,0,0 Latin 70 0 38 X	# X [58 ]A
T 5 0,255,0,255,0,0,0,0,0,0 Latin 57 0 39 T	# T [54 ]A
7 8 0,255,0,255,0,0,0,0,0,0 Common 40 2 40 7	# 7 [37 ]0
G 5 0,255,0,255,0,0,0,0,0,0 Latin 42 0 41 G	# G [47 ]A
g 3 0,255,0,255,0,0,0,0,0,0 Latin 41 0 42 g	# g [67 ]a
¥ 0 0,255,0,255,0,0,0,0,0,0 Common 43 4 43 ¥	# ¥ [a5 ]
b 3 0,255,0,255,0,0,0,0,0,0 Latin 45 0 44 b	# b [62 ]a
B 5 0,255,0,255,0,0,0,0,0,0 Latin 44 0 45 B	# B [42 ]A
S 5 0,255,0,255,0,0,0,0,0,0 Latin 5 0 46 S	# S [53 ]A
J 5 0,255,0,255,0,0,0,0,0,0 Latin 23 0 47 J	# J [4a ]A
: 16 0,255,0,255,0,0,0,0,0,0 Common 48 6 48 :	# : [3a ]p
8 8 0,255,0,255,0,0,0,0,0,0 Common 49 2 49 8	# 8 [38 ]0
l 3 0,255,0,255,0,0,0,0,0,0 Latin 4 0 50 l	# l [6c ]a
d 3 0,255,0,255,0,0,0,0,0,0 Latin 18 0 51 d	# d [64 ]a
p 3 0,255,0,255,0,0,0,0,0,0 Latin 11 0 52 p	# p [70 ]a
N 5 0,255,0,255,0,0,0,0,0,0 Latin 60 0 53 N	# N [4e ]A
U 5 0,255,0,255,0,0,0,0,0,0 Latin 56 0 54 U	# U [55 ]A
~ 0 0,255,0,255,0,0,0,0,0,0 Common 55 10 55 ~	# ~ [7e ]
u 3 0,255,0,255,0,0,0,0,0,0 Latin 54 0 56 u	# u [75 ]a
t 3 0,255,0,255,0,0,0,0,0,0 Latin 39 0 57 t	# t [74 ]a
2 8 0,255,0,255,0,0,0,0,0,0 Common 58 2 58 2	# 2 [32 ]0
K 5 0,255,0,255,0,0,0,0,0,0 Latin 22 0 59 K	# K [4b ]A
n 3 0,255,0,255,0,0,0,0,0,0 Latin 53 0 60 n	# n [6e ]a
” 16 0,255,0,255,0,0,0,0,0,0 Common 61 10 61 "	# ” [201d ]p
> 0 0,255,0,255,0,0,0,0,0,0 Common 62 10 93 >	# > [3e ]
= 0 0,255,0,255,0,0,0,0,0,0 Common 63 10 63 =	# = [3d ]
4 8 0,255,0,255,0,0,0,0,0,0 Common 64 2 64 4	# 4 [34 ]0
R 5 0,255,0,255,0,0,0,0,0,0 Latin 69 0 65 R	# R [52 ]A
W 5 0,255,0,255,0,0,0,0,0,0 Latin 31 0 66 W	# W [57 ]A
q 3 0,255,0,255,0,0,0,0,0,0 Latin 12 0 67 q	# q [71 ]a
A 5 0,255,0,255,0,0,0,0,0,0 Latin 7 0 68 A	# A [41 ]A
r 3 0,255,0,255,0,0,0,0,0,0 Latin 65 0 69 r	# r [72 ]a
x 3 0,255,0,255,0,0,0,0,0,0 Latin 38 0 70 x	# x [78 ]a
€ 0 0,255,0,255,0,0,0,0,0,0 Common 71 4 71 €	# € [20ac ]
’ 16 0,255,0,255,0,0,0,0,0,0 Common 72 10 72 '	# ’ [2019 ]p
3 8 0,255,0,255,0,0,0,0,0,0 Common 73 2 73 3	# 3 [33 ]0
° 0 0,255,0,255,0,0,0,0,0,0 Common 74 4 74 °	# ° [b0 ]
0 8 0,255,0,255,0,0,0,0,0,0 Common 75 2 75 0	# 0 [30 ]0
‘ 16 0,255,0,255,0,0,0,0,0,0 Common 76 10 76 '	# ‘ [2018 ]p
— 16 0,255,0,255,0,0,0,0,0,0 Common 77 10 77 -	# — [2014 ]p
1 8 0,255,0,255,0,0,0,0,0,0 Common 78 2 78 1	# 1 [31 ]0
] 16 0,255,0,255,0,0,0,0,0,0 Common 79 10 0 ]	# ] [5d ]p
' 16 0,255,0,255,0,0,0,0,0,0 Common 80 10 80 '	# ' [27 ]p
| 0 0,255,0,255,0,0,0,0,0,0 Common 81 10 81 |	# | [7c ]
v 3 0,255,0,255,0,0,0,0,0,0 Latin 20 0 82 v	# v [76 ]a
H 5 0,255,0,255,0,0,0,0,0,0 Latin 19 0 83 H	# H [48 ]A
" 16 0,255,0,255,0,0,0,0,0,0 Common 84 10 84 "	# " [22 ]p
@ 16 0,255,0,255,0,0,0,0,0,0 Common 85 10 85 @	# @ [40 ]p
© 0 0,255,0,255,0,0,0,0,0,0 Common 86 10 86 ©	# © [a9 ]
™ 0 0,255,0,255,0,0,0,0,0,0 Common 87 10 87 ™	# ™ [2122 ]
® 0 0,255,0,255,0,0,0,0,0,0 Common 88 10 88 ®	# ® [ae ]
{ 16 0,255,0,255,0,0,0,0,0,0 Common 89 10 92 {	# { [7b ]p
§ 16 0,255,0,255,0,0,0,0,0,0 Common 90 10 90 §	# § [a7 ]p
; 16 0,255,0,255,0,0,0,0,0,0 Common 91 10 91 ;	# ; [3b ]p
} 16 0,255,0,255,0,0,0,0,0,0 Common 92 10 89 }	# } [7d ]p
< 0 0,255,0,255,0,0,0,0,0,0 Common 93 10 62 <	# < [3c ]
